; A055015: Sum of 6th powers of digits of n.
; 0,1,64,729,4096,15625,46656,117649,262144,531441,1,2,65,730,4097,15626,46657,117650,262145,531442,64,65,128,793,4160,15689,46720,117713,262208,531505,729,730,793,1458,4825,16354,47385,118378,262873,532170,4096,4097,4160,4825,8192,19721,50752,121745,266240,535537,15625,15626,15689,16354,19721,31250,62281,133274,277769,547066,46656,46657,46720,47385,50752,62281,93312,164305,308800,578097,117649,117650,117713,118378,121745,133274,164305,235298,379793,649090,262144,262145,262208,262873,266240,277769,308800,379793,524288,793585,531441,531442,531505,532170,535537,547066,578097,649090,793585,1062882

lpb $0
  mov $2,$0
  div $0,10
  mod $2,10
  pow $2,6
  add $1,$2
lpe
