; A055014: Sum of 5th powers of digits of n.
; 0,1,32,243,1024,3125,7776,16807,32768,59049,1,2,33,244,1025,3126,7777,16808,32769,59050,32,33,64,275,1056,3157,7808,16839,32800,59081,243,244,275,486,1267,3368,8019,17050,33011,59292,1024,1025,1056,1267,2048,4149,8800,17831,33792,60073,3125,3126,3157,3368,4149,6250,10901,19932,35893,62174,7776,7777,7808,8019,8800,10901,15552,24583,40544,66825,16807,16808,16839,17050,17831,19932,24583,33614,49575,75856,32768,32769,32800,33011,33792,35893,40544,49575,65536,91817,59049,59050,59081,59292,60073,62174,66825,75856,91817,118098

lpb $0
  mov $2,$0
  div $0,10
  mod $2,10
  pow $2,5
  add $1,$2
lpe
mov $0,$1
