; A070455: a(n) = n^2 mod 33.
; 0,1,4,9,16,25,3,16,31,15,1,22,12,4,31,27,25,25,27,31,4,12,22,1,15,31,16,3,25,16,9,4,1,0,1,4,9,16,25,3,16,31,15,1,22,12,4,31,27,25,25,27,31,4,12,22,1,15,31,16,3,25,16,9,4,1,0,1,4,9,16,25,3,16,31,15,1,22,12,4,31,27,25,25,27,31,4,12,22,1,15,31,16,3,25,16,9,4,1,0
; Formula: a(n) = (n^2)%33

pow $0,2
mod $0,33
