; A123253: Sum of 7th powers of digits of n.
; 0,1,128,2187,16384,78125,279936,823543,2097152,4782969,1,2,129,2188,16385,78126,279937,823544,2097153,4782970,128,129,256,2315,16512,78253,280064,823671,2097280,4783097,2187,2188,2315,4374,18571,80312,282123,825730,2099339,4785156,16384,16385,16512,18571,32768,94509,296320,839927,2113536,4799353,78125,78126,78253,80312,94509,156250,358061,901668,2175277,4861094,279936,279937,280064,282123,296320,358061,559872,1103479,2377088,5062905,823543,823544,823671,825730,839927,901668,1103479,1647086,2920695,5606512,2097152,2097153,2097280,2099339,2113536,2175277,2377088,2920695,4194304,6880121,4782969,4782970,4783097,4785156,4799353,4861094,5062905,5606512,6880121,9565938

lpb $0
  mov $2,$0
  div $0,10
  mod $2,10
  pow $2,7
  add $1,$2
lpe
mov $0,$1
