; A065137: Sum of digits of n plus sum of cubes of digits of n.
; Submitted by Simon Strandgaard
; 0,2,10,30,68,130,222,350,520,738,2,4,12,32,70,132,224,352,522,740,10,12,20,40,78,140,232,360,530,748,30,32,40,60,98,160,252,380,550,768,68,70,78,98,136,198,290,418,588,806,130,132,140,160,198,260,352,480,650,868,222,224,232,252,290,352,444,572,742,960,350,352,360,380,418,480,572,700,870,1088,520,522,530,550,588,650,742,870,1040,1258,738,740,748,768,806,868,960,1088,1258,1476

lpb $0
  mov $2,$0
  mod $2,10
  div $0,10
  add $1,$2
  pow $2,3
  add $1,$2
lpe
mov $0,$1
